scale: 3.788004323723726e-05
zero_point: 30263
20289
40853
24296
43046
28438
25211
38936
14752
26270
37846
35796
26022
26601
28984
26366
19758
35738
34914
29784
30238
27031
34942
27933
23321
25734
34054
33860
37371
23439
41387
36053
33389
40526
40202
12144
37240
25246
29811
32086
20174
31921
23233
28584
20285
30807
32859
43557
38512
22065
29572
36340
40250
26584
31625
33019
38135
39080
34001
36653
19133
14380
26538
35923
36768
21985
13341
25837
22424
32374
33967
38864
36617
44630
48774
36335
27340
26400
26032
48819
39481
43318
38876
34425
21474
38733
29478
14748
33519
29185
30681
22992
36256
25675
43348
23961
32344
27253
22898
36747
33282
25261
31868
24324
32858
29095
42974
28085
17313
38015
24319
20103
40795
45136
25020
29319
47843
35568
29565
30259
33040
34879
14803
43685
37313
38396
43285
27032
25083
22674
41928
22142
48380
13078
41725
24885
25064
42109
12853
42182
21216
36430
40201
53190
48940
13178
24979
20632
39157
36658
29809
24192
38197
15044
35500
16260
32286
38284
20249
23570
26612
28835
26313
20707
37655
22974
42441
25328
23714
25039
24324
26105
38409
35177
9687
24983
35732
27019
39070
38224
35203
37202
32208
41059
24965
21037
22361
24661
41164
43312
34087
36193
25895
33241
26462
41800
27277
34847
36346
48936
39417
54479
19272
43053
44591
17187
39678
45687
37604
33646
21927
41165
28616
28660
24873
42211
25021
38020
47956
32496
28446
21600
41446
35360
26361
22919
44943
34690
25346
43125
23913
14443
34009
37371
39096
4321
40510
31942
24332
35105
18849
39561
22252
39655
18965
25657
21568
37416
35649
23879
13862
23725
45362
16958
39420
34739
34892
7010
45540
40351
17358
24094
30605
27568
33395
25168
36952
30549
23841
43195
40676
44194
22799
20559
39537
35370
5870
39113
16606
41597
26042
23739
38249
26199
13976
23115
26419
20925
14571
23818
45118
33840
26367
32417
22670
49815
35339
15028
45745
26911
28700
15323
17186
24924
23655
37734
27828
14128
38239
39332
32737
32068
42248
25363
5988
26263
42302
0
29587
17762
44273
28301
45646
45362
47335
29315
42720
42365
43290
32926
23723
23726
24065
49751
19021
38094
27316
32707
42379
25199
37862
38216
26905
26500
11252
20653
24975
28788
19013
20281
44884
24978
39572
22521
11604
24521
26143
22950
32434
34367
44182
44448
34885
23547
22462
33923
27262
16014
21920
40642
34129
20837
15640
21677
36140
9828
24640
23274
24865
32696
10595
65534
40982
31789
25525
25687
38868
21661
39544
30422
19914
28193
39743
25651
32490
20916
27420
21969
26484
39526
33874
29086
31285
23282
35331
37724
19306
26050
39929
38521
39908
24154
26715
22016
13580
15447
33114
39883
25325
35806
41393
41011
36056
40244
35158
36067
24601
20073
34050
21753
29680
8353
25247
23012
26548
16917
24430
33041
19954
32650
32567
21985
42322
21469
16995
40846
22639
37565
26959
35723
20840
21173
16479
41904
29641
24867
64951
40383
20379
27262
34735
25755
34299
44293
24075
23743
686
28705
36777
41298
20937
19350
32408
41734
27137
46586
39295
23799
19826
42838
17684
13708
25088
33764
26079
37664
31201
17052
31381
53031
33207
42047
38444
46038
16058
21275
36993
41524
49592
30800
36754
47218
20363
18589
33126
25719
41557
22557
39705
21380
19699
33487
60229
21670
45799
39236
39245
27595
37753
16538
19545
9032
26293
25398
3428
41054
23385
14950
24460
35359
36016
16682
45842
35596
33230
35763
14937
26215
17791
27493
34649
42103
40549
19676
23515
27949
37111
21574
28184
41333
34685
15497
39301
40580
22459
31297
43320
39241
39178
15510
25161
23308
18212
31355
13917
35777
22213
39844
23472
46219
28660
25953
41476
38021
23671
47163
26811
40704
21883
36270
25401
36462
32358
33386
56323
46009
20024
25835
20898
39715
38001
39390
37476
35953
52497
27224
4503
46365
25806
23549
39604
25683
20258
19130
38138
17891
34258
20923
19737
19031
40814
27230
39843
44983
15690
41831
35975
3202
24927
40443
20552
15908
52840
32097
32504
40905
42753
22584
10700
53369
36839
12356
19847
23683
3388
32802
30226
20027
24960
38350
53061
