scale: 3.3320313377771527e-05
zero_point: 31697
43258
37904
39020
38585
36998
32502
28968
29214
25136
26543
28068
24375
27125
26153
28934
29612
43434
41304
32067
33560
34892
35623
36272
40400
33023
32941
29101
23687
19792
23293
19855
20644
33308
33304
32787
34101
33381
33272
33579
33163
32987
33750
33651
31474
30156
29064
25485
27313
21642
30205
33623
34185
29744
23918
25562
23158
43469
44576
45287
38565
32688
29914
24569
25189
35279
35243
32308
30822
31850
31936
33390
33966
30841
33782
32752
31317
30905
28565
26178
23150
32357
32963
33960
35305
38982
36141
33909
31590
28001
27402
30243
28897
27450
32196
31826
36639
30493
33879
36033
37149
37886
35481
33365
31636
32386
32331
33676
29554
30108
32107
32954
32899
39992
35456
30932
32278
34354
32199
32709
30767
28024
26816
26563
25406
24163
26117
28429
30070
30174
30833
31286
30686
28865
29998
26145
25388
27664
25657
29331
34915
34602
32259
33603
32808
29284
28849
31822
33041
34912
31895
31622
32694
29212
31170
32240
31640
31779
32028
32062
31669
38861
36991
34448
33968
32435
34066
32839
31599
38365
35671
32255
30046
30921
35013
33082
27979
38119
33244
30736
31221
32539
32218
34397
34950
25258
25031
27655
27439
29089
31712
33238
34960
37393
34266
33876
36566
34893
32950
29890
27484
25045
33352
33570
28960
29007
31160
28728
27317
36173
30933
33728
32226
29655
30384
30512
30135
28585
27817
27075
27513
28623
26939
26598
29579
30233
27830
26490
28656
29825
29897
32686
34551
33389
29353
29274
25624
20771
21925
28052
33981
27020
26889
30164
33455
34830
35050
35249
34385
14123
15546
26774
33970
32636
31222
27908
29409
34468
37655
37455
31983
27593
24699
22746
27208
38645
36861
33465
30273
24900
22342
23365
25029
26231
26587
27070
31131
36304
42860
46841
46284
28496
25658
27952
34771
35815
34430
35070
34602
30010
27987
29980
31285
28343
27510
33141
34724
26757
30525
30758
31372
32073
30019
29638
29194
23688
29722
35891
32225
33977
31916
31578
30127
29957
30095
33197
32289
33239
37035
40295
37332
26842
30862
29374
30881
31840
30969
30356
30752
43562
38304
35699
37153
36034
34351
33942
31379
29395
29183
28730
31218
31451
32229
31115
31780
34603
34857
36214
36603
38490
34050
34877
38335
16641
22432
34534
33615
31526
31606
31959
27935
32425
29026
27009
30204
29738
28989
31243
33912
22380
23189
22731
26974
28304
27148
33889
41477
35528
34796
31698
31614
29526
24825
23835
26475
39237
31669
29851
30097
27371
23808
26991
32783
32266
32437
31608
31553
31412
32565
32205
31324
33592
31951
30990
28530
27380
25517
29301
28980
39639
37827
38454
39304
35345
29553
26404
27107
32917
32659
32103
30998
33256
32909
30025
29308
31683
30630
29609
31487
31405
31382
32786
31201
34907
31839
30637
31085
31459
29063
27021
29109
33171
32376
31079
27433
25557
24032
23765
25306
37103
39781
39945
36088
38365
36891
31737
32485
33306
33783
34649
31347
28232
29943
27678
29572
28756
35811
38426
39566
35387
32165
30781
29949
31882
32143
31053
32303
36533
41773
41450
35632
28300
19868
28428
31287
35067
39783
45263
40937
33452
34736
33174
33178
32709
30154
29989
31221
32857
32042
30491
25253
29583
28540
26715
23786
30177
31221
31880
31143
26724
26930
31872
35073
33313
33446
33457
33841
37836
36258
31624
25244
41229
42546
40367
42065
30105
17515
16410
22988
28448
31438
30557
33695
35610
35586
36047
33535
32662
37863
32983
26513
24366
25267
32200
38478
29750
28496
29321
32329
33048
31553
31040
31914
27069
26004
30863
33299
33211
34738
33060
33904
24615
25342
33048
36510
36189
36936
32684
31604
31260
32820
37973
39229
36498
38160
36389
33281
25333
25388
24788
27674
38700
46091
33733
17764
31647
27766
27362
29170
38608
49081
47285
32052
25534
31526
33649
35728
35199
33345
37689
36028
37745
34705
33742
33616
31692
33360
31653
29887
31679
28177
28131
29432
34800
35547
32265
29512
36497
33930
32924
39763
38559
38124
36786
36217
24579
22116
26311
33105
40979
38387
25219
18390
17596
31986
32655
25503
26977
24452
25732
27685
23866
24941
29421
30633
29661
35806
42446
42003
30754
31196
29920
30469
33631
37266
36301
34826
30667
31715
33274
36182
34751
34428
32198
30096
34720
35084
36385
37832
33876
26770
26550
26370
34834
34902
31809
28802
24226
22721
20467
25526
34683
32579
31449
31119
33776
32036
32976
34621
45955
42903
37998
32347
25359
15944
15328
21477
32496
33987
31916
32443
31675
30460
29526
29963
28298
30980
30510
31883
32879
32920
34787
34097
29168
34292
33423
31865
31515
27678
31978
33376
34892
31604
26325
25950
28715
29106
28104
31387
26677
30907
33744
35645
33365
34712
36651
33085
32383
31049
30168
33788
33025
35277
34632
35614
26045
22056
29860
39337
46024
40795
27739
27353
37723
33855
30564
32236
34152
35768
32860
27538
32209
34437
33471
32634
32225
32694
29118
27746
32312
32639
31965
31031
30412
31713
29300
30665
27333
24741
24070
27714
31284
31617
30150
30184
27633
32342
32413
36081
37502
38679
34346
28583
30187
26575
32827
33013
27258
26305
26940
27886
28426
25329
26254
30156
31428
32180
35796
35554
30002
32139
31510
30984
32627
31850
32507
29204
40789
40733
35402
29650
26886
27103
27214
30222
34004
31570
31334
31606
29459
30699
29620
29502
35286
28475
29647
29909
28442
33193
34821
32517
29835
31912
29677
25378
22261
20215
17979
27794
41828
32552
31028
28478
31339
32851
33644
30856
29384
23264
22553
23516
25051
31504
41413
43215
25925
27994
33323
34098
35563
32360
26192
25049
42947
38921
32806
28421
26911
28447
28810
31467
37235
40865
40639
36056
28870
26267
26055
27274
17151
11691
16899
25330
27142
27447
26573
26643
19800
24846
32459
40562
43637
46477
38321
27269
42395
34795
33111
34782
39507
36684
32684
35631
38086
38935
37644
32664
31054
29541
32756
31140
26838
31254
35710
38133
43032
46352
45192
34111
30504
30286
31593
31730
31958
33048
34753
33830
44839
31942
27049
29969
30085
31622
32066
32610
41597
35106
32531
33365
32214
32420
30674
31062
30722
28158
30762
30074
32519
31645
31526
33056
30944
36958
37555
34032
30575
28693
29977
28254
42200
43397
42761
42384
42083
45088
37741
25795
31124
32821
31746
27465
23107
20468
21978
33624
42225
41426
33196
27886
27918
31563
31977
34626
32433
31935
33770
36555
38549
34113
27266
24315
17174
24968
26204
30638
38569
45669
42723
31355
42897
31712
29097
28176
29458
28007
31275
33338
31158
33231
30506
31148
32029
31121
29563
29166
33876
33508
28829
24940
28702
32210
34987
36670
38766
38392
38116
33753
29080
22768
18572
18703
42365
36960
36824
37500
34648
37985
35249
32104
31183
24854
23055
23787
13283
13976
20259
25620
37202
33099
27139
28324
24088
18610
16828
20370
31909
35844
36893
39890
41998
37954
31623
29262
24911
29493
31112
33403
36165
36275
33649
32866
34093
31132
31083
29229
27621
28362
33133
35795
25696
24232
22053
19398
24696
29722
34572
39274
26518
27247
25768
25667
25363
38535
48811
47295
32146
34765
30909
27917
23722
21435
20938
22687
30813
26989
23226
21070
24290
28538
31553
34329
29257
30118
30296
29696
29487
29695
23264
26361
29087
34128
37631
40314
39936
36517
35854
32637
47498
49282
43600
36493
25141
21535
21883
19532
24524
24127
19473
17553
16961
17457
20783
26189
24298
19925
16219
18161
21864
29497
36261
39522
31379
31015
29642
28466
28972
30036
35337
34142
37426
39608
36641
40529
40804
39722
33104
24601
32803
27755
26755
28372
26526
24003
20583
25263
37482
36165
35978
32831
33259
29799
30935
26945
32072
29965
31989
32261
33202
31883
31699
31804
25684
30566
30191
26771
29007
31982
30768
32724
35784
32783
34452
35413
31359
25608
27358
25391
32147
34339
41193
47276
44968
43000
36996
35531
26997
26808
27682
31285
33579
33334
31312
32430
30603
29873
38897
43755
40602
39750
38819
40088
33637
34048
32571
29359
32106
30926
29063
27617
29733
30237
34935
33068
31816
33523
39583
36736
28151
20939
30188
38424
41031
38132
34390
31203
42947
30619
26266
25997
26659
29943
29765
29177
36686
38602
37783
36347
33519
31828
33531
33946
34653
33836
33799
35808
34874
32764
32120
31579
27850
26487
30337
31779
29559
31987
34048
34307
39546
36890
32917
31218
26273
24338
23338
26588
31336
32380
31371
27264
25642
28517
26025
28096
36230
33847
29672
26058
22615
24901
29526
30738
35315
34150
30254
28214
25300
26411
22703
17811
30073
27226
25777
31206
33076
31947
29149
32490
31382
31179
34060
34797
34776
39060
40064
38356
34403
32758
32867
29410
24477
25383
25950
32279
30271
27634
27992
25671
28725
31426
31915
35140
30496
28631
33036
31995
32418
36149
35920
37670
35406
31285
30439
26517
26687
23716
23641
27913
35247
34734
35486
33416
29208
28552
28453
29854
29185
30459
30134
31457
38605
45472
47983
47551
28165
23979
26746
29627
28754
30697
31281
33299
32085
32173
32351
34248
35379
34830
35280
35703
36877
34030
30992
29313
27768
30720
35182
33396
26320
28858
28598
26198
24957
26330
27312
29746
36394
30237
25615
26080
24817
27150
28177
30762
21095
26295
25398
23062
27718
31142
32892
32550
32113
33110
32351
28600
33424
35442
36905
36077
33132
34968
31424
27489
30500
30486
29695
28890
28398
21305
21948
25279
31511
28987
26361
31726
36329
38201
40641
34482
32704
31193
30437
30338
30872
31967
38353
40164
41738
39323
35498
32017
37324
39861
37400
34654
31368
30486
28561
28103
32280
32419
31772
29274
30929
32993
35219
37063
34084
34670
35195
33984
30284
25717
25244
22184
45043
36720
31524
23826
21787
19116
23338
22988
25532
28739
31213
31613
30558
30278
25980
30703
30037
28697
30922
35921
35636
31006
25981
26022
31080
32493
31158
31063
33138
33439
34326
28135
22775
29101
28601
28489
33582
35576
33688
31561
44837
42012
30194
26970
34871
39696
39496
32882
34937
36482
36001
39026
39548
34551
28259
25300
32435
34241
31262
34333
36160
36090
35518
32627
37650
36518
32555
31999
26073
28126
27761
32572
28893
28947
31333
32598
34402
34220
33024
35593
16647
21527
21981
27497
32216
40384
40394
44438
36861
39499
40450
36045
30197
27493
23704
26156
42931
46722
52737
49006
39620
23912
15555
16208
41074
33220
31316
32138
35374
28530
24685
24819
38366
39920
37710
31592
26042
22811
20317
22967
35126
30284
29851
28690
22225
19981
20688
24109
37110
38774
41026
35719
34885
32232
25333
23628
37895
37312
36964
34943
33805
33520
31399
28868
39256
43019
43787
35744
23968
16138
20384
29472
27179
25451
24952
28232
25263
28752
33280
31407
24436
26627
30040
30191
33437
31713
31295
34861
34543
35166
32651
32032
33847
37091
36246
40758
26520
25985
34322
40836
39699
40122
39269
34139
30927
30306
29373
28049
31012
29716
29824
32096
29052
28044
30057
31753
32221
32598
34973
34064
32432
27146
27934
26770
29645
34845
33087
30766
27018
32433
33351
30061
28307
24886
22072
23111
31927
28016
26721
28035
28398
27481
26833
29422
22070
25116
28709
34163
36453
38502
40949
40486
26060
31620
39221
40116
41318
44473
44067
33559
32738
32692
31215
31122
32056
32917
33768
34489
33816
35196
30881
29911
28577
31221
32253
32430
28337
27849
32733
35700
31790
34568
37200
38406
29815
29345
30185
31136
29303
30657
38266
41722
33635
25543
24391
28514
32651
36779
32929
24987
30283
26212
24346
30885
33378
29254
29342
35337
36983
31708
29373
30312
31351
35379
39366
37458
20119
19577
20891
26267
30825
34373
39830
45820
35294
30507
28118
30136
30102
29152
32808
34708
30667
28354
27537
26317
26538
27566
28940
29934
28560
27664
27373
26492
27368
32883
38929
41307
29599
36005
37701
38105
34134
30703
31330
27075
21537
25573
30121
36270
43008
42160
40876
42154
32363
36445
35846
34573
33027
32444
29029
27568
31504
29491
33148
35936
38135
38177
39636
32485
28054
27907
31041
35300
37377
40036
35602
30989
55272
52086
49947
41303
32743
25718
16543
14463
26315
30391
31126
34187
37810
40196
39165
35945
32732
32745
31119
32612
32344
31888
30091
29267
43197
39464
34980
33140
32214
29891
27217
25293
34157
33305
33351
32152
28334
27712
30544
29630
32822
37852
38618
39744
37273
39534
37249
37762
34320
30976
30315
26893
25431
31361
39217
41230
40116
41911
42163
37053
37066
34472
31686
26792
32140
31969
32507
27531
25652
22186
22063
25944
25448
21069
22441
29268
32063
33791
37550
42848
33532
31189
30848
31649
32305
29551
32129
35868
31583
29038
25117
26940
25908
26652
29377
31231
37669
37088
37445
33453
29473
28903
28043
25658
31968
24629
24619
24251
26043
27342
29207
29468
31260
33614
33352
32936
33326
35272
37340
35724
18339
16429
18376
22863
26944
29118
39955
44935
30808
31582
31367
27304
27308
26646
27500
31381
41184
44623
40625
38282
34593
28231
23696
22091
30974
31311
34875
39358
41783
39900
33944
25068
37239
40302
37145
32423
30456
29235
23924
24627
21429
28981
29252
27136
28940
30742
27624
29968
30573
32334
32219
30171
28759
28520
26748
26360
52351
50864
46113
36973
25672
19331
13780
20483
26598
29515
36680
45254
47036
45189
42032
39055
34806
32457
34709
36637
33543
28769
25532
25714
25746
21793
18903
24419
28900
30928
37912
40253
30417
32594
32220
32095
35049
35627
36506
36590
34856
34479
34102
35533
32818
32607
32703
36386
28417
30729
33029
31557
35768
33769
33958
33289
26011
24414
22309
31698
33760
32482
32755
31412
37325
35769
36401
36694
32304
34792
39000
35323
26741
30491
30189
28044
31239
37783
37780
34088
30566
31787
31667
31173
32167
31234
31611
29364
28346
31718
37897
38492
31116
30842
28672
31166
31379
30024
29268
26154
23539
24199
23237
19124
26089
24977
31020
29387
26638
25713
24740
27707
25429
25029
22226
25699
24411
27852
37847
41898
28483
28704
27057
25823
28007
30769
30693
32155
38655
37419
35805
36593
35809
38936
39761
36106
27424
25217
27978
32079
35311
37936
41722
38254
30536
26728
28209
26763
29495
33029
31663
32903
65534
53710
49473
57389
52701
52969
51174
44046
37017
36663
35337
34045
32530
28832
24301
26038
44035
39084
31280
29706
36763
44787
44249
37910
23475
24705
26533
24389
23907
28843
33860
39333
34877
32351
36439
34610
35626
33849
32302
33035
31487
32016
27324
31129
34676
37312
39092
36180
41013
35775
31021
29580
29659
27078
24242
25906
39240
37675
34265
31644
32754
37621
36468
37310
45648
43348
36806
28563
25492
22927
22981
23544
27383
30353
30794
30899
32953
33320
35629
38961
32361
28030
27874
28820
31766
31007
31178
31303
36359
44396
41745
36835
35427
33295
30309
25796
29322
22602
19412
23847
28761
32687
38983
41967
32605
32788
30736
28987
26557
28502
25603
29876
36384
34419
33832
31304
25776
21662
21225
21565
30874
29027
30245
31592
30987
27231
29139
26297
41917
38920
32811
32517
31240
33111
37222
38549
34805
34236
34739
33514
32659
32673
30867
29477
32775
29893
29671
33446
39812
40345
39980
35044
17307
10709
18348
22796
30518
36273
41392
43521
25232
31090
30191
29988
28902
27800
27047
30041
27073
28645
26350
27330
31698
39778
44694
44320
30289
29264
36904
39397
44287
45191
41140
31803
31010
32492
32255
27515
28287
30342
28877
31267
34079
33017
31921
31735
31076
31952
30957
31364
45564
45121
37024
28448
24793
22734
21138
27119
21912
20597
23318
27723
28265
32556
37549
40225
31780
29554
30225
29819
32787
35392
38409
39224
33557
31465
29508
28012
29349
26818
25307
29453
31040
34041
32695
33634
30439
23479
25804
28129
28335
30013
30302
30823
29217
28948
30740
28487
38427
37632
42502
41264
35112
29348
23618
20711
25660
26344
29882
30644
24539
23922
25014
28872
30968
27930
30640
31138
29887
33866
37052
40220
27690
27485
32308
33293
32181
33204
33428
34604
31335
31397
31205
33508
32105
32449
34608
34734
28260
29401
32268
31095
31866
34300
42762
42643
37360
31298
26283
27536
30149
32175
33134
29938
40120
36859
37580
42539
50182
57545
58910
38958
34277
36182
37476
34386
34782
33749
33845
35248
13121
12963
13720
17087
22392
24636
23853
32255
58750
53631
36179
19663
10314
14675
30589
42153
35689
35827
33730
33441
33306
34362
33467
31512
37186
36027
31088
25699
23798
22914
24806
26586
29332
31862
31891
30096
28484
21122
22633
23469
30490
32279
33485
32946
33791
36640
34825
30777
35937
37401
36334
35908
26414
22469
20673
21348
19108
30162
36360
37667
42006
46179
43944
40670
17664
21698
23580
29214
36531
41083
46785
46155
33425
32964
30584
32272
29797
30273
29767
31484
31341
29990
31954
24867
26367
22970
24691
20613
25297
26711
27977
27198
21133
23864
26333
32344
23998
26670
24739
23985
29457
30182
36706
41877
33161
35917
35075
33182
30922
31702
29219
31268
36973
31481
26445
29930
32782
34806
41452
39124
30559
32226
34689
35273
38782
34498
32592
30240
35152
34062
32428
35243
36545
35400
34297
35837
36276
40017
46324
46788
51129
48990
34972
25908
35998
37442
38005
38886
35386
33367
27801
26146
23873
28827
32463
25855
23447
26484
33100
39774
29684
30322
30973
34036
36464
34659
33859
33403
35190
35463
33764
30740
32857
33464
31047
28408
23914
21134
19735
20312
20666
27456
32498
38322
33915
26449
26772
29763
30912
31978
31051
34700
34349
34885
28555
29235
28331
28153
27929
29272
19709
22322
28921
29651
32886
32243
33517
36986
36285
31806
31646
29202
29153
31629
30887
33372
31112
28585
28940
29979
26974
31430
33326
33461
47853
41345
37942
31456
27838
18331
16503
16620
33719
31358
27144
24694
24457
22211
21861
27290
42794
42252
40606
36339
35043
36592
34922
28300
31689
31412
31203
29384
28593
32702
33854
32185
23397
21177
19920
22870
25059
29109
32585
38570
42860
41764
38271
36541
40417
38534
32344
29512
39205
37758
36449
33083
26322
22346
21765
26281
34135
33840
31484
29495
28838
26983
26920
28402
24141
18979
20221
27666
32712
31786
35823
39394
30637
29491
29398
31977
28686
24700
25434
25823
53985
42678
37255
32864
23814
17276
14121
22494
34071
28953
26374
28423
28642
30292
27719
28726
29595
30441
29306
33877
30862
28491
27617
30520
34960
37836
35806
37571
37810
31993
28142
27262
32112
35335
36083
31792
30926
26842
30639
29712
16407
22646
30043
32408
30384
31773
32999
34044
26723
26682
26077
30356
33411
40118
40988
43360
30607
33751
26712
24712
21299
20688
23013
26995
32610
31353
29679
26661
25394
25669
27445
31634
30824
30019
25146
29347
32341
36362
35955
36498
26857
29216
32340
34724
36477
38093
36593
32056
23062
24493
28722
30076
28372
29979
29079
29053
32403
33357
30672
32990
30464
33111
35848
32073
21324
26187
28478
32095
40442
50110
46432
40792
32861
31841
34078
36483
38425
37164
37136
37855
37732
37463
36342
36332
30602
27001
27283
24789
33529
35540
36653
35092
31800
31638
32794
29247
36848
36610
33680
27802
25596
24255
25050
23486
49852
45974
36310
27250
25818
24025
23417
24598
35082
39140
37574
33397
31826
36214
39646
33991
29729
29840
29140
29475
30285
27281
27768
31971
46733
37423
30910
24534
18259
13404
6762
15879
38020
37745
31133
29327
29299
31225
34919
33816
30664
33038
35456
29379
25299
26138
26866
30037
26104
24419
28268
29403
28625
30557
32550
38071
31860
32209
32446
28611
29647
31722
30193
28860
40413
45685
40986
34836
30683
21769
15065
17474
2316
0
11738
27310
41096
50297
54467
50398
33825
39585
38766
39175
33216
28750
27319
29608
25477
27426
31653
30106
31252
32971
30974
30426
31690
33447
33142
36018
38919
37922
29142
24839
29253
28117
27404
29345
31306
33236
32167
32767
30442
32159
28598
27777
34901
41740
42214
39276
40192
38638
42950
41163
38065
36414
38955
36792
34823
38736
39500
36876
35918
33848
29855
31833
28959
31199
33204
30488
31311
32342
30439
31045
36807
35929
38465
38262
37871
37863
37714
35246
33467
29026
33588
34737
33313
30952
30173
33087
38376
43178
43857
39575
37078
32217
27721
22075
35668
34606
31479
30238
32248
36288
36267
37308
28883
28261
30324
31048
30733
32406
33502
33488
31624
28983
28648
26207
22751
21466
21652
23938
39089
30529
32047
33990
34088
30930
32142
31739
33991
33511
28090
29819
25828
27908
26249
25785
31297
30164
28556
28287
28591
30895
31784
34661
21537
21126
22677
23789
28943
37080
39961
33155
32455
31414
33134
35743
35104
37285
33633
30689
30594
32661
33345
35020
34053
32667
31550
32404
28838
30742
28584
27513
31128
32422
31424
30324
30618
33111
32930
36397
35255
32419
36514
37545
26750
31587
36152
34369
35006
34866
34627
32692
10425
21189
27602
30215
27751
22634
27005
28634
34696
27033
29253
26632
20884
17906
20224
28276
32880
31380
30981
28217
28740
27897
25743
31257
34717
36755
34464
28876
25506
22515
20002
24493
32924
29440
33142
38104
36234
31381
26120
25617
29620
35389
35060
29136
26622
25288
22882
25595
50098
38352
33629
33135
34437
33016
31259
27394
34049
33579
34054
35101
35055
34360
35417
33920
25191
24454
25382
23663
26141
27030
30343
36626
49179
46386
41735
31154
26287
19596
18670
25244
39318
40691
37054
36635
38569
39005
42543
43963
25969
28661
33792
34467
33386
31600
29373
30139
31373
33301
32656
36001
28776
25708
25778
24187
35716
36204
35899
30087
26433
25894
29150
29362
12197
23740
31118
29358
28580
26478
23213
27706
27027
27742
28353
27660
27604
23936
24985
23414
20181
22323
19933
24431
23609
26235
30125
31089
22383
25624
26630
29534
31941
30535
30920
32793
45452
41089
36654
34965
31864
27485
24874
25037
21290
28085
36399
35443
36152
33375
30679
30826
23113
27359
34715
31859
36869
37988
36863
32169
35161
34188
34452
33573
28508
28712
31256
34254
25193
23055
26903
34218
37471
37136
39241
34115
28241
33022
29837
30136
29911
28735
27213
25782
30889
27861
29071
29161
31548
37574
38424
35009
25741
30537
30422
31358
32854
30731
33103
34031
45567
37470
28012
19638
13161
12759
19581
30307
42936
40410
40643
31304
32376
35808
32200
30321
49617
41053
35886
36372
34955
32176
34266
30402
35499
33338
28569
31706
32669
31985
34311
31598
33188
25667
20044
19031
19832
26833
34554
41641
34683
32648
36075
34302
29471
27554
31239
35172
32543
34635
32480
29092
30548
32344
32699
32068
36782
35350
35080
37207
39559
38145
37240
37541
29824
34083
34245
33154
32926
31435
30327
30317
32339
32476
30370
29409
28841
29802
30789
29297
30136
25366
26038
31184
34192
36952
37234
40888
25103
27240
29987
31473
30622
28127
21485
19581
34328
29636
28370
28655
26805
25230
27210
31155
43416
35740
28364
22371
20510
19420
23856
31321
38310
42788
39494
33130
25742
21608
23256
32445
31389
33940
35982
30649
28229
28475
28152
26172
39532
35146
31997
32110
28432
23696
23359
27945
32885
31678
32881
32959
31655
31726
30558
30835
29045
30703
33344
34360
34267
30076
26288
28531
33979
33547
31039
32514
36415
39569
41052
36772
34810
40952
37324
35605
31845
27502
22143
23279
36148
35471
37785
39479
39730
41751
36343
31795
21923
24217
23571
25202
25139
22365
23185
21843
34212
34585
32694
32949
33237
33973
32884
31873
30895
25799
29687
31599
31638
32933
36046
36586
47795
49280
54785
51199
33690
14038
2546
10492
20995
26376
30180
36284
38795
37491
30231
23575
32055
33262
32635
31276
35210
37535
30654
21806
29261
32454
32895
33428
33124
33774
35928
34774
28920
28844
30265
26356
28322
28599
28363
29341
36442
38282
38352
33297
34132
32862
33134
31559
27716
29042
28363
28817
28827
30075
33645
32861
22808
31333
33499
37983
38245
33156
23188
19741
29715
29260
31296
31386
34726
37740
35177
32053
36166
39891
37612
34146
30519
30008
28057
30133
23893
16073
9318
7658
11033
20577
38521
47975
31569
34523
34505
31608
31172
31286
30219
31469
16486
28792
33278
35801
35880
33114
31383
29637
33049
30700
27162
25624
23399
22974
26535
32596
44342
39010
36150
36771
32838
30152
28716
28241
49083
47076
37457
34704
32588
34153
40071
36785
29632
28744
30696
33100
32297
31704
31581
31112
26032
24159
23389
25989
28351
28271
25231
25345
31066
32994
35038
35656
34337
33312
31721
31442
23525
24415
34410
42879
48354
49025
41651
33084
32473
33650
28608
24717
23231
27397
26674
28097
40151
38768
37591
32137
30190
28501
28595
26832
31417
29730
26917
26455
28314
33460
39140
43260
37118
39472
39628
38570
35079
32884
25576
20604
28572
30702
38278
38948
40844
45503
38470
22147
43196
41784
37675
37763
38944
42540
49045
46487
37600
38711
35915
32942
30419
31520
32964
32974
29852
28710
30060
30040
31703
30044
28180
30640
34813
32354
29879
30476
26739
24903
27847
32614
29407
31763
30498
28598
28741
33524
41096
40816
34892
32201
32169
33007
32865
29731
31547
31840
46155
40017
34254
28065
25348
19419
21683
27741
33743
29379
29822
30843
30647
33381
32015
30711
43442
42214
40585
34356
29897
25123
15903
16158
30132
27680
30722
29911
30469
30706
31963
32008
21181
23366
27619
27934
37914
47084
41951
34458
27588
25398
24552
26356
28191
33541
35855
36170
36886
37766
39247
36111
35234
30910
24337
20848
34031
32986
36330
42522
43926
46463
43324
27864
39772
38338
35078
35833
37255
38756
38167
39909
29160
30930
37482
37987
36596
37124
36701
29336
25286
25447
24689
23214
26015
29631
35510
43191
32045
28397
24977
21474
19395
17579
18551
21797
39538
33173
30344
31380
31661
32099
30686
29174
39610
40382
33159
32287
30641
27919
29510
27644
35077
37458
39891
40523
41844
42993
49081
42670
34476
37798
37160
39217
37252
33700
35091
32324
41323
34353
31566
31238
30482
27062
24912
22831
28323
28841
30562
33393
34374
31526
33678
34623
43157
34500
37064
35365
34026
34091
34088
33608
29710
31294
35978
38698
38925
34890
28465
20389
39980
37932
35490
32831
33660
27315
25922
28633
38378
36435
34391
35280
36076
35532
29760
25172
34408
26576
24992
27531
32915
38385
33101
33567
41458
34748
30926
31961
32636
32234
24149
21452
32110
37028
34067
32585
31758
31605
34552
32527
34147
36835
37840
43816
53264
59332
50919
41407
25445
24961
26302
29851
30879
34708
37136
37964
26703
27062
22340
24072
26058
19344
20268
24090
29972
24720
25390
28132
28794
29920
32783
38295
25074
28020
31897
35448
35686
36270
39625
34549
33665
31907
31484
30433
27600
29773
31236
30812
23651
26450
29755
29163
30270
32946
33856
36775
29016
27822
23605
24214
19754
23119
27921
34763
46688
45968
40083
40176
38678
39963
39924
37780
53874
55253
55276
49143
43569
30672
18089
17754
31145
29936
31330
29255
30818
37227
36134
32341
31576
31999
33875
35923
32386
26872
26380
29578
42785
39585
35505
31331
24274
15627
12729
12165
26852
26279
27836
26161
24862
26914
33389
41515
33899
34618
33650
37068
34471
31093
27806
25851
43237
45062
40562
30295
21386
22016
26879
29809
34884
34211
33395
33052
29704
27791
27337
28433
24481
26364
28374
29624
32382
31695
33784
34484
25847
27467
26867
27543
29286
29262
27295
26324
28264
26321
34367
34206
35581
37545
43260
38028
36754
40424
44838
45234
41772
34489
27225
23220
27834
30441
35176
32307
33164
37455
38557
32628
28585
29610
30496
33370
33307
32003
30423
27377
32894
36647
34573
30298
30697
27710
26448
28516
27411
31937
37469
36055
39631
40022
42203
43287
29345
27662
26154
29132
31508
32416
35153
33488
40035
34979
35104
35196
42290
45259
45172
38779
34118
32622
28125
30493
29720
33262
32514
27483
28641
25437
28206
29043
28495
33031
34995
31847
26907
22885
26399
32572
39681
40676
42327
45121
17839
21443
26461
31537
39367
37738
39830
33248
29785
30213
28870
29118
34004
40196
41171
37683
35183
34703
33770
31755
33623
28465
25495
24540
39038
36151
32022
32639
32485
33884
30724
31812
35006
31676
30234
30266
28943
24806
25437
28366
41745
42231
39030
38132
38583
34824
34024
29205
38442
33038
30571
30420
29931
30049
33237
33134
29053
37539
37733
34563
27702
20794
23136
25526
28929
32538
29355
31156
34046
34861
37862
37958
48141
43386
44056
43029
39669
45370
48485
41738
26748
29913
35762
38188
39312
39193
34777
31164
20570
24903
24849
22186
20650
23297
28317
35354
29751
30562
32961
37784
41424
40971
33512
26840
30269
31149
31360
30867
31749
32611
30391
30910
24635
29762
34645
39602
41170
44904
45062
43051
24793
28771
29339
24251
25753
27419
37434
41035
23433
23133
27822
25756
22468
25365
35722
41346
45932
40503
40697
42586
42401
33040
26555
22429
30537
31961
32172
31064
27959
29864
29473
27804
36813
37689
36348
35212
36986
44850
42922
35449
35193
36319
35336
31284
24987
24155
21905
21821
28547
33184
33162
32291
32986
32353
33056
31063
36141
33840
34108
35744
40204
45335
47499
42851
26223
25977
26363
29934
31686
29063
29257
25970
29089
30877
38234
37620
32761
28720
28174
27257
27448
28172
25689
21121
21002
25146
24596
29317
33016
30859
27233
27851
30102
27723
27791
28398
18503
19505
25435
32005
32932
39823
41480
39565
34921
34002
33878
30978
32320
30769
30607
30640
27771
30632
35811
36517
34982
30576
28602
32853
18587
25004
29601
22214
17400
18587
26983
33029
33155
36718
34813
34503
33352
30053
27012
23904
36800
36152
35042
34623
36501
38067
38343
33492
15367
21308
22565
24962
24005
22542
21259
21388
30533
32277
32303
32954
31973
33032
34901
34356
20063
20255
29418
32448
25057
20377
18583
22897
38465
37400
39380
36854
32660
29907
27626
24480
33756
35940
31927
29619
25970
25056
28240
30872
34057
35909
36532
32852
28385
28847
30650
36196
35465
36092
34105
30749
29997
27919
23889
25541
23573
29700
34485
31306
31708
33679
31442
31711
24390
27506
31478
30643
31588
30538
31045
30134
14232
9099
8613
11869
29433
44690
48622
40527
21333
18669
15428
18642
23170
25433
35760
44281
36902
35207
33312
30933
37370
42622
43241
37486
36423
36599
35173
33837
32224
28851
30599
31560
33193
31219
34209
34735
35846
36069
38177
40407
32100
35133
30159
26017
24304
24304
25707
24485
27231
32357
32340
30996
30484
27730
25306
21931
19249
18154
24241
27245
31375
35808
36610
34904
25375
28711
31828
34588
37240
38529
34713
30091
29545
31177
32478
34260
33022
29063
25747
26638
21605
15399
12722
10667
12506
16898
27804
38932
29414
27874
29679
29866
33907
33362
32366
31934
39801
42096
44279
41094
33715
25380
15445
11312
20121
24333
30692
35050
39973
42950
42690
34943
29248
31396
34321
36694
33606
32544
28603
26758
49694
50757
38277
33228
34254
33266
36822
34748
26375
25382
26777
27073
25055
23724
26805
31855
39362
34096
32641
33623
34102
34786
30532
32025
37032
35958
29953
27767
25063
22828
23780
27860
35902
35546
41348
43588
41171
38608
37673
37409
23697
27927
26314
27751
25938
25926
31022
33112
27800
30866
36605
38878
39063
40129
41106
37505
18731
30857
33301
34188
34516
30151
27752
27536
36317
31255
34979
39313
38508
35807
29487
22714
42562
38578
36235
29222
26660
25375
26681
34933
41586
44977
42352
33990
29807
24908
23364
22952
37193
37193
34451
33080
28575
23829
22853
21973
35567
35877
33679
32348
35524
33035
33892
37870
28030
24825
24496
24251
22142
26094
30717
40848
32245
33124
33523
37407
33739
25579
19471
21013
34473
29122
28615
25402
22611
20910
22312
29050
46074
42285
34858
32856
28818
24412
22690
26166
31589
34709
33386
30733
27994
26402
27390
31947
57551
57103
49612
44814
38568
25030
11196
7026
31627
34004
36756
36747
35793
37298
33769
30564
29384
33237
36344
34846
32288
25404
23841
23947
31300
35224
36305
38803
39852
38816
38227
35999
37524
41934
47970
45663
42356
33788
25935
20674
20875
25310
32527
37650
45909
53487
48408
32944
28344
30612
34497
32933
31264
31493
29558
28664
35047
33987
29866
28761
32688
33708
31815
33318
18155
26237
31618
30534
28427
25324
23354
24431
35468
40441
41689
41688
41723
43055
35898
26469
48837
31952
33607
35495
33623
35495
40776
40828
46319
40113
37616
43406
43626
35967
24922
12906
24161
21917
21092
22870
21763
18847
9568
16418
28127
33447
35590
38156
35534
30141
29616
32409
26977
25763
32722
33772
35828
41674
46396
44593
28320
29863
28110
24862
29448
32318
37417
38391
47948
34292
35638
39644
42134
41556
36280
33054
51222
49756
44742
39914
34429
19608
7569
18135
30563
29070
30637
29598
29585
28208
28153
32724
24349
26812
27295
28499
30583
32437
33096
30966
25455
28042
34461
41591
41063
32001
28255
28144
25711
28559
33158
33970
31508
34063
35317
34760
27867
26494
26787
24333
23912
27065
32398
37671
29240
27307
26784
20300
11187
7373
13088
21728
