scale: 1.619029717403464e-05
zero_point: 41345
49689
50565
56927
55336
36582
24339
58539
43954
50000
50363
16107
11024
45681
30705
44776
8161
49426
32728
38390
49662
50520
37688
43762
19151
42682
45771
36656
55990
9093
38162
23229
52741
27654
37695
44584
35174
22365
46519
50014
44536
50415
57923
30829
55428
49390
51899
35719
35642
24053
32689
40063
28056
37480
39574
37455
34566
17132
52257
23912
42555
55591
31065
40493
36580
38359
32993
33154
26860
49041
36618
44106
47384
34981
18496
38450
49772
53292
46666
27581
53166
33919
41438
30233
45638
49136
52813
20562
41772
39259
35348
32721
18953
56296
21847
29676
34805
42841
48340
23298
52443
40370
36105
23202
35572
24853
55250
51184
22822
34008
32444
37655
50321
15759
61356
33279
25132
48320
53946
51042
56760
22843
50661
47887
29441
29926
31356
44497
36424
27486
46355
50861
55995
14309
14347
46235
42452
21451
37238
46094
27522
55098
23684
39919
57112
15691
44147
43321
60047
50008
38064
27845
53686
59965
41369
60016
51286
24818
33887
40589
41486
31059
35117
27145
55139
32032
56149
34338
53073
31677
21185
43879
41824
33979
59414
28729
26933
47296
55359
42839
47417
46506
51647
43274
45591
42600
29802
46565
46155
43385
38321
46747
50172
50340
52334
23358
43026
54487
27547
30664
38795
43325
28290
50911
55540
35961
27630
54447
44635
41564
53124
24588
31981
43408
44764
52203
34850
27445
12037
40664
41263
53281
27236
49152
34740
42814
33667
33324
18585
31211
44892
49914
35199
30041
32309
31814
29119
36145
38154
42324
56577
29362
50608
52536
49528
43283
21716
46350
44929
50193
35743
30038
42151
45834
45726
35956
51999
25903
13319
40748
20199
43327
37536
48291
43569
49786
36536
38911
49352
56016
39798
47358
28102
43660
33830
36137
47283
44325
54416
29923
48384
49181
34261
41976
28576
52084
51375
30205
32485
30233
53746
53691
46156
47999
50203
36489
56595
56335
10348
37208
50214
22640
29637
50263
25082
47804
32862
26717
46025
39428
31746
38422
31577
50905
47056
52652
38853
24402
37677
19591
40678
46776
52656
13833
23405
43363
62663
48336
33815
35704
50851
47100
49076
0
47944
36319
41990
51496
38719
49906
56471
38270
50829
44003
23578
15242
38686
51363
10175
42276
41457
35580
32619
49521
26414
27586
30309
38893
43677
49287
29485
56113
46490
46873
46322
50154
41093
49937
58213
43534
30641
31927
27117
38959
55622
11670
45167
20886
43541
58071
28419
23428
52386
52534
44149
27919
35004
52849
10747
40730
53946
31981
32796
54207
29065
14729
45662
10250
17439
36032
17471
37097
44348
53826
32614
52273
32883
18376
46117
45840
53534
50559
46104
5202
34445
45140
51768
33183
37331
52675
55041
49263
45600
48512
31297
30962
32630
34434
53969
48243
42771
9741
51378
42875
40370
2652
47201
42984
57774
23868
46999
43192
52175
18922
14577
31980
26765
39337
48444
43272
37327
37683
52842
54945
36847
43730
40889
49831
43348
43182
41438
43770
51535
42990
53929
47032
36935
29436
50881
49108
29079
43562
48982
59005
33352
13531
53511
38582
52695
32023
38678
44445
46904
35432
28092
36507
32931
17777
31068
44058
55192
29760
42743
51453
51379
53570
29535
28309
65535
48119
42294
30194
50835
29605
31177
51391
37547
50100
42179
32500
19823
24157
26434
41097
44511
53808
24307
33075
33589
8217
53876
42548
53430
31837
14434
29726
32249
35041
26142
41519
53530
49741
9248
21975
35617
36622
58257
23196
50507
33297
41611
28283
31362
42179
28265
45714
51131
47573
40069
53232
40812
50530
27923
54118
54706
48906
17727
43918
42013
46247
22572
56662
17226
44685
55834
47270
29564
53872
30601
37963
42394
45423
47139
54876
42347
50720
50259
55045
41528
54642
42134
48519
54442
47401
23445
46946
49414
40170
48481
48211
60186
33779
27132
51621
37850
36026
31481
21906
29549
49322
40199
40208
22415
56454
40527
41684
53707
31376
37111
30605
48117
41712
40248
41236
8381
41312
36460
26832
38647
52526
50271
42529
9493
51711
33273
52571
1898
54814
31312
45041
21973
56109
37056
44018
21654
34547
50302
42134
39255
36198
37350
