scale: 0.009735170751810074
zero_point: 117
78
158
94
167
110
97
151
57
101
147
139
100
103
112
102
76
138
135
115
117
104
135
108
90
99
132
131
145
90
160
140
129
157
156
46
144
97
115
124
78
123
90
110
78
119
127
169
149
85
114
141
156
103
122
128
148
151
132
142
74
55
103
139
142
85
51
100
86
125
131
150
142
173
189
141
106
102
101
189
153
168
151
133
83
150
114
57
130
113
119
89
140
99
168
92
125
105
88
142
129
98
123
94
127
112
166
109
67
147
94
77
158
175
97
113
185
138
114
117
128
135
57
169
144
149
168
104
97
87
162
85
187
50
162
96
97
163
49
163
82
141
156
206
190
51
96
80
152
142
115
93
148
58
137
63
125
148
78
91
103
111
102
80
146
89
164
98
92
97
94
101
149
136
37
96
138
104
151
148
136
144
125
159
96
81
86
95
159
168
132
140
100
129
102
162
105
135
141
190
153
211
74
167
173
66
154
177
146
130
85
159
111
111
96
163
97
147
186
126
110
83
161
137
102
88
174
134
98
167
92
55
132
145
151
16
157
124
94
136
73
153
86
154
73
99
83
145
138
92
53
92
176
65
153
134
135
27
176
156
67
93
118
107
129
97
143
118
92
167
158
171
88
79
153
137
22
151
64
161
101
92
148
101
54
89
102
81
56
92
175
131
102
125
87
193
137
58
177
104
111
59
66
96
91
146
108
54
148
152
127
124
164
98
23
101
164
0
114
68
172
109
177
176
183
113
165
164
168
127
92
92
93
193
73
147
106
127
164
97
147
148
104
102
43
80
96
111
73
78
174
96
153
87
44
95
101
89
125
133
171
172
135
91
87
131
105
62
85
157
132
80
60
84
140
37
95
90
96
126
40
254
159
123
99
99
150
84
153
118
77
109
154
99
126
81
106
85
102
153
131
112
121
90
137
146
74
101
155
149
155
93
103
85
52
59
128
154
98
139
160
159
140
156
136
140
95
77
132
84
115
32
97
89
103
65
94
128
77
126
126
85
164
83
65
158
87
145
104
138
80
82
63
162
115
96
252
156
79
105
134
99
133
172
93
92
2
111
142
160
81
75
125
162
105
181
152
92
76
166
68
53
97
131
101
146
121
66
121
206
128
163
149
178
62
82
143
161
192
119
142
183
78
72
128
99
161
87
154
82
76
130
234
84
177
152
152
107
146
64
75
34
102
98
13
159
90
57
94
137
139
64
178
138
129
138
57
101
68
106
134
163
157
76
91
108
144
83
109
160
134
60
152
157
87
121
168
152
152
60
97
90
70
121
53
138
86
154
91
179
111
100
161
147
91
183
104
158
84
140
98
141
125
129
218
178
77
100
81
154
147
153
145
139
204
105
17
180
100
91
153
99
78
74
148
69
133
81
76
73
158
105
154
174
60
162
139
12
96
157
79
61
205
124
126
158
166
87
41
207
143
47
76
91
12
127
117
77
96
148
206
