scale: 0.004160906188189983
zero_point: 160
192
196
221
214
141
94
227
170
194
195
62
42
177
119
173
31
191
126
149
192
196
146
169
74
165
177
142
217
35
148
90
204
107
146
173
136
86
180
194
172
195
225
119
215
191
201
138
138
93
126
155
108
145
153
145
134
66
202
92
165
215
120
157
141
148
128
128
104
190
142
171
183
135
71
149
193
206
181
106
206
131
160
117
177
190
205
79
162
152
137
126
73
218
84
115
135
166
187
90
203
156
140
89
138
96
214
198
88
131
125
146
195
60
238
129
97
187
209
198
220
88
196
185
114
116
121
172
141
106
179
197
217
55
55
179
164
83
144
178
106
214
91
154
221
60
171
168
233
194
147
107
208
232
160
233
199
96
131
157
161
120
136
105
214
124
218
133
206
122
82
170
162
131
230
111
104
183
215
166
184
180
200
168
177
165
115
180
179
168
148
181
194
195
203
90
167
211
106
118
150
168
109
197
215
139
107
211
173
161
206
95
124
168
173
202
135
106
46
157
160
206
105
190
134
166
130
129
71
121
174
193
136
116
125
123
112
140
148
164
219
113
196
204
192
168
84
179
174
194
138
116
163
177
177
139
201
100
51
158
78
168
145
187
169
193
141
151
191
217
154
183
108
169
131
140
183
172
211
116
187
190
132
162
110
202
199
117
126
117
208
208
179
186
194
141
219
218
39
144
195
87
114
195
97
185
127
103
178
153
123
149
122
197
182
204
150
94
146
75
157
181
204
53
90
168
243
187
131
138
197
182
190
0
186
140
163
199
150
193
219
148
197
170
91
58
150
199
39
164
160
138
126
192
102
106
117
150
169
191
114
217
180
182
179
194
159
193
226
169
118
123
105
151
216
45
175
80
169
225
110
90
203
204
171
108
135
205
41
158
209
124
127
210
112
56
177
39
67
139
67
143
172
209
126
203
127
71
179
177
207
196
179
19
133
175
201
128
144
204
213
191
177
188
121
120
126
133
209
187
166
37
199
166
156
9
183
166
224
92
182
167
202
73
56
124
103
152
188
167
144
146
205
213
142
169
158
193
168
167
160
169
200
166
209
182
143
114
197
190
112
169
190
229
129
52
207
149
204
124
150
172
182
137
108
141
127
68
120
171
214
115
165
199
199
208
114
109
254
186
164
117
197
114
120
199
145
194
163
126
76
93
102
159
172
208
94
128
130
31
209
165
207
123
55
115
125
135
101
161
207
193
35
85
138
142
226
89
196
129
161
109
121
163
109
177
198
184
155
206
158
196
108
210
212
189
68
170
163
179
87
220
66
173
216
183
114
209
118
147
164
176
183
213
164
196
195
213
161
212
163
188
211
184
90
182
191
155
188
187
233
131
105
200
146
139
122
84
114
191
156
156
86
219
157
161
208
121
144
118
186
161
156
160
32
160
141
104
150
204
195
165
36
200
129
204
7
212
121
174
85
217
143
170
83
134
195
163
152
140
144
