scale: 0.008563320152461529
zero_point: 123
168
147
151
150
144
126
112
113
97
103
109
95
105
101
112
115
169
160
124
130
135
138
141
157
128
128
113
92
77
90
77
80
129
129
127
132
130
129
130
129
128
131
131
122
117
113
99
106
84
117
130
133
115
93
99
90
169
173
176
150
127
116
95
98
137
137
125
120
124
124
130
132
120
131
127
122
120
111
102
90
126
128
132
137
151
140
132
123
109
106
117
112
106
125
124
142
118
131
140
144
147
138
129
123
126
125
131
115
117
125
128
128
155
138
120
125
133
125
127
119
109
104
103
99
94
101
110
117
117
120
121
119
112
116
101
98
107
99
114
136
134
125
130
127
114
112
123
128
136
124
123
127
113
121
125
123
123
124
124
123
151
144
134
132
126
132
127
123
149
138
125
117
120
136
128
109
148
129
119
121
126
125
134
136
98
97
107
106
113
123
129
136
145
133
131
142
135
128
116
107
97
129
130
112
113
121
111
106
140
120
131
125
115
118
118
117
111
108
105
107
111
104
103
115
117
108
103
111
116
116
127
134
130
114
114
99
80
85
109
132
105
104
117
130
135
136
137
133
55
60
104
132
127
121
108
114
134
146
145
124
107
96
88
106
150
143
130
117
97
87
91
97
102
103
105
121
141
166
182
180
111
100
108
135
139
134
136
134
116
109
116
121
110
107
129
135
104
118
119
122
124
116
115
113
92
115
139
125
132
124
123
117
116
117
129
125
129
144
156
145
104
120
114
120
124
120
118
119
169
149
139
144
140
133
132
122
114
113
111
121
122
125
121
123
134
135
141
142
149
132
135
149
64
87
134
130
122
123
124
108
126
113
105
117
115
112
121
132
87
90
88
105
110
105
132
161
138
135
123
123
115
96
92
103
152
123
116
117
106
92
105
127
125
126
123
122
122
126
125
122
130
124
120
111
106
99
114
112
154
147
149
153
137
115
102
105
128
127
125
120
129
128
116
114
123
119
115
122
122
122
127
121
135
124
119
121
122
113
105
113
129
126
121
106
99
93
92
98
144
154
155
140
149
143
123
126
129
131
134
122
110
116
107
115
112
139
149
154
137
125
119
116
124
125
120
125
142
162
161
138
110
77
110
121
136
154
176
159
130
135
129
129
127
117
116
121
128
124
118
98
115
111
104
92
117
121
124
121
104
104
124
136
129
130
130
131
147
141
123
98
160
165
157
163
117
68
64
89
110
122
119
131
138
138
140
130
127
147
128
103
94
98
125
149
115
111
114
125
128
122
120
124
105
101
120
129
129
135
128
132
95
98
128
142
140
143
127
123
121
127
147
152
142
148
141
129
98
98
96
107
150
179
131
69
123
108
106
113
150
191
184
124
99
122
131
139
137
129
146
140
147
135
131
130
123
129
123
116
123
109
109
114
135
138
125
114
142
132
128
154
150
148
143
141
95
86
102
128
159
149
98
71
68
124
127
99
105
95
100
107
93
97
114
119
115
139
165
163
119
121
116
118
131
145
141
135
119
123
129
140
135
134
125
117
135
136
141
147
131
104
103
102
135
135
123
112
94
88
79
99
135
126
122
121
131
124
128
134
178
167
148
126
98
62
59
83
126
132
124
126
123
118
115
116
110
120
118
124
128
128
135
132
113
133
130
124
122
107
124
130
135
123
102
101
111
113
109
122
103
120
131
138
129
135
142
128
126
120
117
131
128
137
134
138
101
85
116
153
179
158
108
106
146
131
119
125
133
139
128
107
125
134
130
127
125
127
113
108
125
127
124
120
118
123
114
119
106
96
93
108
121
123
117
117
107
126
126
140
146
150
133
111
117
103
127
128
106
102
104
108
110
98
102
117
122
125
139
138
116
125
122
120
127
124
126
113
158
158
137
115
104
105
106
117
132
123
122
123
114
119
115
114
137
110
115
116
110
129
135
126
116
124
115
98
86
78
70
108
162
126
120
110
122
127
131
120
114
90
87
91
97
122
161
168
101
109
129
132
138
126
102
97
167
151
127
110
104
110
112
122
145
159
158
140
112
102
101
106
66
45
65
98
105
106
103
103
77
96
126
157
169
181
149
106
165
135
129
135
153
142
127
138
148
151
146
127
120
115
127
121
104
121
139
148
167
180
176
132
118
118
123
123
124
128
135
131
174
124
105
116
117
123
124
127
162
136
126
129
125
126
119
121
119
109
119
117
126
123
122
128
120
143
146
132
119
111
116
110
164
169
166
165
163
175
147
100
121
127
123
107
90
79
85
130
164
161
129
108
108
122
124
134
126
124
131
142
150
132
106
94
66
97
102
119
150
177
166
122
167
123
113
109
114
109
121
129
121
129
118
121
124
121
115
113
131
130
112
97
111
125
136
142
151
149
148
131
113
88
72
72
165
143
143
146
134
147
137
125
121
96
89
92
51
54
78
99
144
128
105
110
93
72
65
79
124
139
143
155
163
147
123
114
97
114
121
130
140
141
131
128
132
121
121
113
107
110
129
139
100
94
85
75
96
115
134
152
103
106
100
100
98
150
190
184
125
135
120
108
92
83
81
88
120
105
90
82
94
111
122
133
114
117
118
115
114
115
90
102
113
132
146
157
155
142
139
127
184
191
169
142
97
83
85
76
95
94
75
68
66
68
81
102
94
77
63
70
85
114
141
153
122
120
115
110
112
117
137
133
145
154
142
157
158
154
128
95
127
108
104
110
103
93
80
98
146
140
140
127
129
116
120
105
124
116
124
125
129
124
123
123
100
119
117
104
113
124
119
127
139
127
134
137
122
99
106
98
125
133
160
184
175
167
144
138
105
104
107
121
130
129
122
126
119
116
151
170
158
154
151
156
131
132
126
114
125
120
113
107
115
117
136
128
123
130
154
143
109
81
117
149
159
148
133
121
167
119
102
101
103
116
115
113
142
150
147
141
130
124
130
132
135
131
131
139
135
127
125
123
108
103
118
123
115
124
132
133
154
143
128
121
102
94
90
103
122
126
122
106
99
111
101
109
141
131
115
101
88
97
115
119
137
133
117
109
98
102
88
69
117
106
100
121
128
124
113
126
122
121
132
135
135
152
156
149
134
127
128
114
95
98
101
125
117
107
109
100
111
122
124
136
118
111
128
124
126
140
139
146
137
121
118
103
104
92
92
108
137
135
138
130
113
111
110
116
113
118
117
122
150
177
186
185
109
93
104
115
112
119
121
129
125
125
126
133
137
135
137
139
143
132
120
114
108
119
137
130
102
112
111
102
97
102
106
115
141
117
99
101
96
105
109
119
82
102
98
89
108
121
128
126
125
128
126
111
130
138
143
140
129
136
122
107
118
118
115
112
110
83
85
98
122
112
102
123
141
148
158
134
127
121
118
118
120
124
149
156
162
153
138
124
145
155
145
135
122
118
111
109
125
126
123
114
120
128
137
144
132
135
137
132
118
100
98
86
175
143
122
92
84
74
90
89
99
111
121
123
119
117
101
119
117
111
120
139
138
120
101
101
121
126
121
121
129
130
133
109
88
113
111
111
130
138
131
122
174
163
117
105
135
154
153
128
136
142
140
152
154
134
110
98
126
133
121
133
140
140
138
127
146
142
126
124
101
109
108
126
112
112
122
127
134
133
128
138
64
83
85
107
125
157
157
173
143
153
157
140
117
107
92
101
167
181
205
190
154
93
60
63
159
129
122
125
137
111
96
96
149
155
146
123
101
88
79
89
136
118
116
111
86
77
80
93
144
151
159
139
135
125
98
92
147
145
143
136
131
130
122
112
152
167
170
139
93
62
79
114
105
99
97
110
98
112
129
122
95
103
117
117
130
123
121
135
134
136
127
124
131
144
141
158
103
101
133
159
154
156
152
133
120
118
114
109
120
115
116
125
113
109
117
123
125
127
136
132
126
105
108
104
115
135
128
119
105
126
129
117
110
96
86
90
124
109
104
109
110
107
104
114
86
97
111
133
142
149
159
157
101
123
152
156
160
173
171
130
127
127
121
121
124
128
131
134
131
137
120
116
111
121
125
126
110
108
127
139
123
134
144
149
116
114
117
121
114
119
149
162
131
99
95
111
127
143
128
97
117
102
94
120
130
113
114
137
144
123
114
118
122
137
153
145
78
76
81
102
120
133
155
178
137
118
109
117
117
113
127
135
119
110
107
102
103
107
112
116
111
107
106
103
106
128
151
160
115
140
146
148
132
119
122
105
83
99
117
141
167
164
159
164
126
141
139
134
128
126
113
107
122
114
129
139
148
148
154
126
109
108
120
137
145
155
138
120
215
202
194
160
127
100
64
56
102
118
121
133
147
156
152
140
127
127
121
127
126
124
117
114
168
153
136
129
125
116
106
98
133
129
129
125
110
107
119
115
127
147
150
154
145
153
145
147
133
120
118
104
99
122
152
160
156
163
164
144
144
134
123
104
125
124
126
107
99
86
86
101
99
82
87
114
124
131
146
166
130
121
120
123
125
115
125
139
123
113
97
104
100
103
114
121
146
144
145
130
114
112
109
100
124
95
95
94
101
106
113
114
121
130
129
128
129
137
145
139
71
64
71
89
105
113
155
175
120
123
122
106
106
103
107
122
160
173
158
149
134
110
92
86
120
121
135
153
162
155
132
97
145
156
144
126
118
113
93
95
83
112
113
105
112
119
107
116
119
125
125
117
112
111
104
102
203
198
179
144
100
75
53
79
103
115
142
176
183
175
163
152
135
126
135
142
130
112
99
100
100
84
73
95
112
120
147
156
118
126
125
125
136
138
142
142
135
134
132
138
127
127
127
141
110
119
128
122
139
131
132
129
101
95
86
123
131
126
127
122
145
139
141
142
125
135
151
137
104
118
117
109
121
147
147
132
119
123
123
121
125
121
123
114
110
123
147
149
121
120
111
121
122
116
114
101
91
94
90
74
101
97
120
114
103
100
96
107
99
97
86
100
95
108
147
163
110
111
105
100
109
119
119
125
150
145
139
142
139
151
154
140
106
98
109
124
137
147
162
149
118
104
109
104
114
128
123
128
255
209
192
223
205
206
199
171
144
142
137
132
126
112
94
101
171
152
121
115
143
174
172
147
91
96
103
95
93
112
131
153
135
126
141
134
138
131
125
128
122
124
106
121
135
145
152
140
159
139
120
115
115
105
94
100
152
146
133
123
127
146
142
145
177
168
143
111
99
89
89
91
106
118
119
120
128
129
138
151
126
109
108
112
123
120
121
121
141
172
162
143
138
129
118
100
114
88
75
92
112
127
151
163
127
127
119
112
103
111
99
116
141
134
131
121
100
84
82
84
120
113
117
123
120
106
113
102
163
151
127
126
121
129
144
150
135
133
135
130
127
127
120
114
127
116
115
130
155
157
155
136
67
41
71
88
118
141
161
169
98
121
117
116
112
108
105
117
105
111
102
106
123
154
174
172
118
114
143
153
172
176
160
123
120
126
125
107
110
118
112
121
132
128
124
123
121
124
120
122
177
175
144
110
96
88
82
105
85
80
90
108
110
126
146
156
123
115
117
116
127
137
149
152
130
122
114
109
114
104
98
114
120
132
127
131
118
91
100
109
110
116
118
120
113
112
119
111
149
146
165
160
136
114
92
80
100
102
116
119
95
93
97
112
120
108
119
121
116
131
144
156
107
107
125
129
125
129
130
134
122
122
121
130
125
126
134
135
110
114
125
121
124
133
166
166
145
121
102
107
117
125
129
116
156
143
146
165
195
224
229
151
133
140
145
133
135
131
131
137
51
50
53
66
87
96
92
125
228
208
140
76
40
57
119
164
139
139
131
130
129
133
130
122
144
140
121
100
92
89
96
103
114
124
124
117
110
82
88
91
118
125
130
128
131
142
135
119
139
145
141
139
102
87
80
83
74
117
141
146
163
179
171
158
68
84
91
113
142
160
182
179
130
128
119
125
116
117
115
122
122
116
124
96
102
89
96
80
98
104
109
105
82
93
102
126
93
103
96
93
114
117
142
163
129
139
136
129
120
123
113
121
144
122
103
116
127
135
161
152
119
125
135
137
151
134
126
117
136
132
126
137
142
137
133
139
141
155
180
182
199
190
136
100
140
145
148
151
137
129
108
101
93
112
126
100
91
103
128
154
115
118
120
132
142
135
131
130
137
138
131
119
128
130
120
110
93
82
76
79
80
106
126
149
132
103
104
115
120
124
120
135
133
135
111
113
110
109
108
114
76
87
112
115
128
125
130
144
141
123
123
113
113
123
120
130
121
111
112
116
105
122
129
130
186
161
147
122
108
71
64
64
131
122
105
96
95
86
85
106
166
164
158
141
136
142
136
110
123
122
121
114
111
127
131
125
91
82
77
89
97
113
126
150
166
162
149
142
157
150
126
114
152
147
141
128
102
87
84
102
132
131
122
114
112
105
104
110
94
74
78
107
127
123
139
153
119
114
114
124
111
96
99
100
210
166
145
128
92
67
55
87
132
112
102
110
111
118
108
111
115
118
114
131
120
111
107
118
136
147
139
146
147
124
109
106
125
137
140
123
120
104
119
115
64
88
117
126
118
123
128
132
104
103
101
118
130
156
159
168
119
131
104
96
83
80
89
105
127
122
115
103
98
100
106
123
120
116
98
114
126
141
140
142
104
113
126
135
142
148
142
124
89
95
111
117
110
116
113
113
126
129
119
128
118
129
139
124
83
102
110
125
157
195
180
158
128
124
132
142
149
144
144
147
146
145
141
141
119
105
106
96
130
138
142
136
123
123
127
113
143
142
131
108
99
94
97
91
194
179
141
106
100
93
91
95
136
152
146
130
124
141
154
132
115
116
113
114
118
106
108
124
182
145
120
95
71
52
26
61
148
147
121
114
114
121
136
131
119
128
138
114
98
101
104
117
101
95
110
114
111
119
126
148
124
125
126
111
115
123
117
112
157
177
159
135
119
84
58
68
9
0
45
106
160
195
212
196
131
154
151
152
129
112
106
115
99
106
123
117
121
128
120
118
123
130
129
140
151
147
113
96
113
109
106
114
121
129
125
127
118
125
111
108
135
162
164
152
156
150
167
160
148
141
151
143
135
150
153
143
139
131
116
124
112
121
129
118
121
126
118
120
143
139
149
149
147
147
146
137
130
113
130
135
129
120
117
128
149
168
170
154
144
125
108
86
138
134
122
117
125
141
141
145
112
110
118
120
119
126
130
130
123
112
111
102
88
83
84
93
152
118
124
132
132
120
125
123
132
130
109
116
100
108
102
100
121
117
111
110
111
120
123
135
83
82
88
92
112
144
155
129
126
122
129
139
136
145
131
119
119
127
129
136
132
127
122
126
112
119
111
107
121
126
122
118
119
129
128
141
137
126
142
146
104
123
140
133
136
135
134
127
40
82
107
117
108
88
105
111
135
105
113
103
81
69
78
110
128
122
120
109
111
108
100
121
135
143
134
112
99
87
77
95
128
114
129
148
141
122
101
99
115
137
136
113
103
98
89
99
195
149
131
129
134
128
121
106
132
130
132
136
136
133
137
132
98
95
98
92
101
105
118
142
191
180
162
121
102
76
72
98
153
158
144
142
150
151
165
171
101
111
131
134
130
123
114
117
122
129
127
140
112
100
100
94
139
141
139
117
103
100
113
114
47
92
121
114
111
103
90
107
105
108
110
107
107
93
97
91
78
87
77
95
92
102
117
121
87
99
103
115
124
118
120
127
177
160
142
136
124
107
96
97
83
109
141
138
140
130
119
120
90
106
135
124
143
147
143
125
136
133
134
130
111
111
121
133
98
89
104
133
145
144
152
132
110
128
116
117
116
111
106
100
120
108
113
113
122
146
149
136
100
118
118
122
128
119
128
132
177
145
109
76
51
49
76
118
167
157
158
121
126
139
125
118
193
159
139
141
136
125
133
118
138
129
111
123
127
124
133
123
129
100
78
74
77
104
134
162
135
127
140
133
114
107
121
137
126
134
126
113
119
126
127
124
143
137
136
144
154
148
145
146
116
132
133
129
128
122
118
118
125
126
118
114
112
116
119
114
117
98
101
121
133
143
145
159
97
106
116
122
119
109
83
76
133
115
110
111
104
98
106
121
169
139
110
87
79
75
92
122
149
166
153
129
100
84
90
126
122
132
140
119
110
110
109
102
153
136
124
125
110
92
91
108
128
123
128
128
123
123
119
120
113
119
129
133
133
117
102
111
132
130
120
126
141
154
159
143
135
159
145
138
124
107
86
90
140
138
147
153
154
162
141
123
85
94
91
98
97
87
90
85
133
134
127
128
129
132
128
124
120
100
115
123
123
128
140
142
186
191
213
199
131
54
10
40
81
102
117
141
151
146
117
91
124
129
127
121
137
146
119
85
114
126
128
130
129
131
139
135
112
112
117
102
110
111
110
114
141
149
149
129
132
128
129
122
108
113
110
112
112
117
131
128
88
122
130
147
148
129
90
76
115
114
121
122
135
147
137
124
140
155
146
133
118
116
109
117
93
62
36
29
43
80
150
186
123
134
134
123
121
121
117
122
64
112
129
139
139
129
122
115
128
119
105
99
91
89
103
126
172
151
140
143
127
117
111
110
191
183
145
135
126
133
156
143
115
112
119
128
125
123
123
121
101
94
91
101
110
110
98
98
121
128
136
138
133
129
123
122
91
95
134
167
188
190
162
128
126
131
111
96
90
106
103
109
156
151
146
125
117
111
111
104
122
115
104
103
110
130
152
168
144
153
154
150
136
128
99
80
111
119
149
151
159
177
149
86
168
162
146
147
151
165
191
181
146
150
139
128
118
122
128
128
116
111
117
117
123
117
109
119
135
126
116
118
104
97
108
127
114
123
118
111
111
130
160
158
135
125
125
128
128
115
122
124
179
155
133
109
98
75
84
108
131
114
116
120
119
130
124
119
169
164
158
133
116
97
62
63
117
107
119
116
118
119
124
124
82
91
107
108
147
183
163
134
107
98
95
102
109
130
139
140
143
147
152
140
137
120
94
81
132
128
141
165
171
180
168
108
154
149
136
139
145
150
148
155
113
120
146
147
142
144
142
114
98
99
96
90
101
115
138
168
124
110
97
83
75
68
72
84
154
129
118
122
123
125
119
113
154
157
129
125
119
108
114
107
136
145
155
157
162
167
191
166
134
147
144
152
145
131
136
125
160
133
122
121
118
105
97
89
110
112
119
130
133
122
131
134
168
134
144
137
132
132
132
130
115
121
140
150
151
135
110
79
155
147
138
127
131
106
101
111
149
141
133
137
140
138
115
98
134
103
97
107
128
149
128
130
161
135
120
124
127
125
94
83
125
144
132
126
123
123
134
126
133
143
147
170
207
231
198
161
99
97
102
116
120
135
144
147
104
105
87
93
101
75
79
93
116
96
98
109
112
116
127
149
97
109
124
138
139
141
154
134
131
124
122
118
107
116
121
120
92
103
115
113
117
128
131
143
113
108
92
94
77
90
108
135
181
179
156
156
150
155
155
147
209
215
215
191
169
119
70
69
121
116
122
113
120
145
140
126
123
124
131
139
126
104
102
115
166
154
138
122
94
60
49
47
104
102
108
101
96
104
130
161
132
134
131
144
134
121
108
100
168
175
157
118
83
85
104
116
135
133
130
128
115
108
106
110
95
102
110
115
126
123
131
134
100
107
104
107
114
114
106
102
110
102
133
133
138
146
168
148
143
157
174
176
162
134
106
90
108
118
137
125
129
145
150
127
111
115
118
130
129
124
118
106
128
142
134
118
119
107
103
111
106
124
145
140
154
155
164
168
114
107
101
113
122
126
136
130
155
136
136
137
164
176
175
151
132
127
109
118
115
129
126
107
111
99
109
113
111
128
136
124
104
89
102
126
154
158
164
175
69
83
103
122
153
147
155
129
116
117
112
113
132
156
160
146
137
135
131
123
130
110
99
95
152
140
124
127
126
132
119
123
136
123
117
117
112
96
99
110
162
164
152
148
150
135
132
113
149
128
119
118
116
117
129
129
113
146
146
134
107
81
90
99
112
126
114
121
132
135
147
147
187
168
171
167
154
176
188
162
104
116
139
148
153
152
135
121
80
97
96
86
80
90
110
137
115
119
128
147
161
159
130
104
117
121
122
120
123
127
118
120
96
115
134
154
160
174
175
167
96
112
114
94
100
106
145
159
91
90
108
100
87
98
139
161
178
157
158
165
165
128
103
87
118
124
125
121
108
116
114
108
143
146
141
137
144
174
167
138
137
141
137
121
97
94
85
85
111
129
129
125
128
126
128
121
140
131
132
139
156
176
184
166
102
101
102
116
123
113
114
101
113
120
148
146
127
111
109
106
106
109
100
82
81
98
95
114
128
120
106
108
117
108
108
110
72
76
99
124
128
155
161
154
136
132
131
120
125
119
119
119
108
119
139
142
136
119
111
127
72
97
115
86
67
72
105
128
129
143
135
134
129
117
105
93
143
140
136
134
142
148
149
130
59
83
87
97
93
87
82
83
118
125
125
128
124
128
135
133
78
78
114
126
97
79
72
89
149
145
153
143
127
116
107
95
131
140
124
115
101
97
110
120
132
139
142
127
110
112
119
141
138
140
132
119
116
108
93
99
91
115
134
121
123
131
122
123
95
107
122
119
123
118
120
117
55
35
33
46
114
174
189
157
83
72
60
72
90
99
139
172
143
137
129
120
145
166
168
146
141
142
137
131
125
112
119
122
129
121
133
135
139
140
148
157
125
136
117
101
94
94
100
95
106
126
126
120
118
108
98
85
75
70
94
106
122
139
142
135
98
111
124
134
145
150
135
117
115
121
126
133
128
113
100
103
84
60
49
41
48
65
108
151
114
108
115
116
132
129
126
124
155
163
172
160
131
98
60
44
78
94
119
136
155
167
166
136
113
122
133
142
130
126
111
104
193
197
149
129
133
129
143
135
102
98
104
105
97
92
104
124
153
132
127
130
132
135
118
124
144
140
116
108
97
88
92
108
139
138
161
169
160
150
146
145
92
108
102
108
101
101
120
129
108
120
142
151
152
156
160
146
73
120
129
133
134
117
108
107
141
121
136
153
150
139
114
88
165
150
141
113
103
98
103
136
161
175
164
132
116
97
91
89
144
144
134
128
111
92
89
85
138
139
131
126
138
128
132
147
109
96
95
94
86
101
119
159
125
129
130
145
131
99
75
81
134
113
111
99
88
81
86
113
179
164
135
128
112
95
88
101
123
135
130
119
109
102
106
124
224
222
193
174
150
97
43
27
123
132
143
143
139
145
131
119
114
129
141
135
125
99
92
93
121
137
141
151
155
151
148
140
146
163
186
177
164
131
101
80
81
98
126
146
178
208
188
128
110
119
134
128
121
122
115
111
136
132
116
112
127
131
123
129
70
102
123
118
110
98
91
95
138
157
162
162
162
167
139
103
190
124
130
138
130
138
158
159
180
156
146
169
169
140
97
50
94
85
82
89
84
73
37
64
109
130
138
148
138
117
115
126
105
100
127
131
139
162
180
173
110
116
109
96
114
125
145
149
186
133
138
154
164
161
141
128
199
193
174
155
134
76
29
70
119
113
119
115
115
109
109
127
94
104
106
111
119
126
128
120
99
109
134
161
159
124
110
109
100
111
129
132
122
132
137
135
108
103
104
94
93
105
126
146
113
106
104
79
43
28
51
84
