scale: 0.07073540985584259
zero_point: 9
11
11
13
12
8
5
13
10
11
11
3
2
10
7
10
1
11
7
8
11
11
8
10
4
9
10
8
12
2
8
5
12
6
8
10
8
5
10
11
10
11
13
7
12
11
11
8
8
5
7
9
6
8
9
8
7
3
11
5
9
12
7
9
8
8
7
7
6
11
8
10
10
8
4
8
11
12
10
6
12
7
9
6
10
11
12
4
9
9
8
7
4
12
5
6
8
9
11
5
12
9
8
5
8
5
12
11
5
7
7
8
11
3
14
7
5
11
12
11
13
5
11
10
6
6
7
10
8
6
10
11
12
3
3
10
9
4
8
10
6
12
5
9
13
3
10
9
13
11
8
6
12
13
9
13
11
5
7
9
9
7
8
6
12
7
12
7
12
7
4
10
9
7
13
6
6
10
12
9
10
10
11
9
10
9
6
10
10
9
8
10
11
11
12
5
9
12
6
7
8
9
6
11
12
8
6
12
10
9
12
5
7
9
10
11
8
6
2
9
9
12
6
11
7
9
7
7
4
7
10
11
8
6
7
7
6
8
8
9
12
6
11
12
11
9
5
10
10
11
8
6
9
10
10
8
11
5
3
9
4
9
8
11
10
11
8
8
11
12
9
10
6
10
7
8
10
10
12
6
11
11
7
9
6
11
11
6
7
6
12
12
10
11
11
8
12
12
2
8
11
5
6
11
5
10
7
6
10
9
7
8
7
11
10
12
8
5
8
4
9
10
12
3
5
9
14
11
7
8
11
10
11
0
11
8
9
11
8
11
12
8
11
10
5
3
8
11
2
9
9
8
7
11
6
6
6
8
10
11
6
12
10
10
10
11
9
11
13
10
7
7
6
8
12
2
10
4
10
13
6
5
12
12
10
6
8
12
2
9
12
7
7
12
6
3
10
2
4
8
4
8
10
12
7
12
7
4
10
10
12
11
10
1
7
10
11
7
8
12
12
11
10
11
7
7
7
7
12
11
9
2
11
9
9
0
10
9
13
5
10
9
11
4
3
7
6
9
11
9
8
8
12
12
8
10
9
11
9
9
9
10
11
9
12
10
8
6
11
11
6
10
11
13
7
3
12
8
12
7
8
10
10
8
6
8
7
4
7
10
12
6
9
11
11
12
6
6
15
11
9
6
11
6
7
11
8
11
9
7
4
5
6
9
10
12
5
7
7
1
12
9
12
7
3
6
7
8
6
9
12
11
2
5
8
8
13
5
11
7
9
6
7
9
6
10
11
10
9
12
9
11
6
12
12
11
4
10
9
10
5
13
3
10
12
10
6
12
7
8
9
10
10
12
9
11
11
12
9
12
9
11
12
10
5
10
11
9
11
11
13
7
6
11
8
8
7
5
6
11
9
9
5
12
9
9
12
7
8
7
11
9
9
9
1
9
8
6
8
12
11
9
2
11
7
12
0
12
7
10
5
12
8
10
4
7
11
9
9
8
8
